XS 77 1 1 24.395244559392211
XS 77 1 10 30.269783966059894
XS 77 1 50 30.870879325297409
XS 73 1 1 14.796348302470976
XS 73 1 10 30.091827196973028
XS 73 1 50 30.975152594562815
XS 21 1 1 14.660759527671221
XS 21 1 10 19.780273685891007
XS 21 1 50 19.45087635390172
XS 22 1 1 28.205867620435875
XS 22 1 10 22.180155197854429
XS 22 1 50 20.949115969645721
XS 77 6 1 249.81698899671611
XS 77 6 10 254.32925132309123
XS 77 6 50 246.47702023973471
XS 73 6 1 250.35139854008088
XS 73 6 10 253.53839372576479
XS 73 6 50 246.3240097654253
XS 21 6 1 251.21888736861254
XS 21 6 10 191.46807811835609
XS 21 6 50 182.18040032837789
XS 22 6 1 251.61836041128814
XS 22 6 10 192.21710744812458
XS 22 6 50 181.70514658224161
XS 77 7 1 280.16020335716752
XS 77 7 10 284.67987485107045
XS 77 7 50 275.74688594817593
XS 73 7 1 280.91136477525725
XS 73 7 10 283.49596953812534
XS 73 7 50 274.57353215217864
XS 21 7 1 282.66514640161307
XS 21 7 10 216.05983470520377
XS 21 7 50 205.65651831255289
XS 22 7 1 283.36229464580191
XS 22 7 10 215.87399485974186
XS 22 7 50 205.80448201520326
XS 77 8 1 308.74119798848096
XS 77 8 10 318.13039546690845
XS 77 8 50 310.13010473722818
XS 73 8 1 309.36077710187556
XS 73 8 10 318.3451391730157
XS 73 8 50 308.74163409681739
XS 21 8 1 322.67460509542883
XS 21 8 10 240.37012543824315
XS 21 8 50 228.66629795160651
XS 22 8 1 322.37497516960053
XS 22 8 10 240.57960143166906
XS 22 8 50 228.35466367823719
XS 77 11 1 398.00415296429071
XS 77 11 10 404.4611075182371
XS 77 11 50 390.68950062625981
XS 73 11 1 398.40113831923838
XS 73 11 10 402.07712695698604
XS 73 11 50 390.81045192227378
XS 21 11 1 413.60393373482754
XS 21 11 10 315.21638351200852
XS 21 11 50 301.80100427037956
XS 22 11 1 413.80444484480603
XS 22 11 10 316.39431585429685
XS 22 11 50 301.33807234365275
XS 77 12 1 413.24623016815616
XS 77 12 10 420.57538975996016
XS 77 12 50 406.57633266533827
XS 73 12 1 413.76674382799433
XS 73 12 10 418.02774511978294
XS 73 12 50 407.23904682028405
XS 21 12 1 426.86506399214352
XS 21 12 10 328.82432557277673
XS 21 12 50 314.92187931399991
XS 22 12 1 427.13152115004169
XS 22 12 10 329.37467676931391
XS 22 12 50 314.23321659227418
XS 77 13 1 443.24622249165424
XS 77 13 10 451.11949075256632
XS 77 13 50 436.67524828373593
XS 73 13 1 443.98223835037658
XS 73 13 10 449.74917717594383
XS 73 13 50 438.41820989316454
XS 21 13 1 453.01178944254968
XS 21 13 10 355.98797453830332
XS 21 13 50 339.78232925141953
XS 22 13 1 453.42307817518417
XS 22 13 10 355.23166865361338
XS 22 13 50 338.6778712634179
XS 77 14 1 453.84933865205625
XS 77 14 10 461.51596116161886
XS 77 14 50 449.59160595772681
XS 73 14 1 455.45544024947907
XS 73 14 10 463.21302390324735
XS 73 14 50 447.90167455662521
XS 21 14 1 465.96639562284167
XS 21 14 10 366.27333933124709
XS 21 14 50 349.21446226376639
XS 22 14 1 467.07975683551217
XS 22 14 10 368.49636570993454
XS 22 14 50 351.87366342568629
XS 77 18 1 573.93927134834757
XS 77 18 10 594.00757415606165
XS 77 18 50 575.9886547701841
XS 73 18 1 576.24726733866044
XS 73 18 10 592.93525079041478
XS 73 18 50 576.2371591437161
XS 21 18 1 595.52064527939797
XS 21 18 10 477.8994091193116
XS 21 18 50 458.91736005518209
XS 22 18 1 603.46858273231692
XS 22 18 10 478.0872447919246
XS 22 18 50 459.30539434094146
XS 77 26 1 719.7182639403577
XS 77 26 10 748.8185030438874
XS 77 26 50 730.94193132290786
XS 73 26 1 724.07929961584921
XS 73 26 10 749.8287161007845
XS 73 26 50 729.03067773460111
XS 21 26 1 747.5358098505551
XS 21 26 10 616.11669625982779
XS 21 26 50 590.05870353084322
XS 22 26 1 756.42139317430724
XS 22 26 10 616.25044024334704
XS 22 26 50 590.11082976082753
EVENT 0 17
PARTICLE 13 0.39942553068820752 -0.076899785886255664 0.94526209977907483 -0.31712140522503734
PARTICLE 13 0.33166768612827791 -0.17933581691349521 0.17641383754322265 0.9678413210311092
PARTICLE 18 0.086370876766409727 -0.36595382497980034 -0.29348875419646631 0.88314333442701143
PARTICLE 73 0.56540726681947728 -0.02383417344852477 -0.58629940839405947 0.80974374705384511
PARTICLE 21 2.082160377089322 -0.19395626485464509 0.090519040512708218 0.97682509725553923
PARTICLE 21 1.6512645332453761 -0.082582154386373702 0.018022217924658523 0.99642129013684833
PARTICLE 73 2.9868645683220945 -0.090886832609084242 0.062697137004942505 0.99388563359657822
PARTICLE 18 0.10099483620413229 0.30609062067027554 0.54091365679088943 0.78340343874327822
PARTICLE 73 0.69642799544992806 0.53721887084852049 -0.22916661847951691 0.81171333965809889
PARTICLE 73 0.27991081923467209 -0.82828472729238478 -0.29827387076238304 0.47431751870936079
PARTICLE 77 0.054699724609278438 0.85801368023086444 -0.43412535029077975 0.27449536384353673
PARTICLE 73 0.03546087250559652 0.72398048597757525 0.022344260629800623 -0.68945847586390707
PARTICLE 77 0.019416453563402415 -0.22281261625811913 0.96996578497559871 -0.097575171088154833
PARTICLE 1000010020 0.014963452721263171 0.95922328019191583 -0.096718613455775079 0.26558653683696715
PARTICLE 1000010020 0.010579920413823605 -0.13978415475616054 -0.18741382029451886 -0.97228414058942636
PARTICLE 1000010020 0.014911178447374105 0.63314343804821238 0.28681238457013147 0.71893535377924245
PARTICLE 1000020040 0.024909078501904488 0.45410085312136689 0.48107880457586538 0.74990372647580783
EVENT 1 7
PARTICLE 73 6.9639766383277744 0.088023857076601958 0.059242928790859559 0.99435510557025808
PARTICLE 21 0.79346629658279966 -0.057406340646301103 0.085515348629976534 0.99468167631775273
PARTICLE 22 1.2098487857510003 -0.061700092286365825 -0.41627241375544877 0.90714407684670806
PARTICLE 21 0.20465940387657064 0.051339439156846543 -0.060545495188003687 0.99684427319391256
PARTICLE 77 0.38563903374414682 -0.59788752085076868 -0.13532486647181466 0.79007448568176608
PARTICLE 13 0.0091363043985263973 0.47216897828825471 0.47183399367406492 -0.7445999854658929
PARTICLE 1000070150 0.0011326594888381959 -0.095320056300005826 0.87361519632333318 -0.47719029288105591
EVENT 2 22
PARTICLE 21 0.17682335556065565 0.27745466225593318 0.57202856482199271 -0.77188226525820447
PARTICLE 21 0.076655871886054994 -0.058127294727643344 0.93043799759296142 -0.36180982607282247
PARTICLE 22 0.12116486199854323 0.92049296833108896 -0.07165139909604587 0.38413379473902037
PARTICLE 73 1.600310535930944 0.20052015842211171 -0.20393964353011948 0.95822768059745556
PARTICLE 18 0.2747647215268762 0.68782005214958897 0.4543761175556339 0.56607942875183648
PARTICLE 77 3.4955565681000023 -0.25577617791153862 0.055209803244344546 0.96515823803078304
PARTICLE 22 1.2880555315763271 -0.14637175862608331 0.089141120729737414 0.98520514050209573
PARTICLE 21 0.230533471378985 -0.5070146970516316 0.0063164026539063323 0.86191426489596734
PARTICLE 18 0.065219911868771283 0.95912475533486674 0.25752914044454334 -0.11729640031018215
PARTICLE 21 0.14908247983300071 -0.6791681241032913 -0.63593248569579619 0.36649765734419448
PARTICLE 73 0.28910801496590927 0.87969052649613932 0.46173699403392776 0.1137696177960435
PARTICLE 77 0.23670504826609373 0.13737806064908994 -0.25537897500735196 0.95703126781547176
PARTICLE 22 0.11067947264804262 -0.52827308457742272 0.38169769636875722 0.75844209844775834
PARTICLE 73 0.26050995670841554 -0.54299865802548097 -0.20534779625284708 0.81423874874426494
PARTICLE 73 0.089423010976369025 -0.76647719675414649 0.24756459120799285 0.59264194927116409
PARTICLE 77 0.082025288704597354 0.93754734305510579 -0.29204616870050315 0.18898151993692155
PARTICLE 73 0.0079815471032361977 0.65158875336654831 0.10876677350212244 0.7507342309154188
PARTICLE 73 0.0075408092981895207 0.55076527257902952 0.17085722161811528 0.81698557168525654
PARTICLE 77 0.031615974944483281 -0.1715788942037352 -0.98354345998091364 0.056594570345538296
PARTICLE 77 0.019117052484544993 0.039414335745768823 -0.69796012001167262 0.71505117370088367
PARTICLE 1000010020 0.01659948253831935 -0.82662594129824674 0.22563899911790852 0.51553525121940602
PARTICLE 1000020040 0.024981353999930858 0.62658833064409758 -0.12399847070649256 0.76942279870243913
